375296225442
375445927341
375291692040
375295166853
375293372522
375298619965
375293583009
375296548265
375447659198
375295413123
375292963857
375297400907
375297557805
375298642619
375292056409
375295591890
375292238249
375297682265
375336639422
375447369003
375291210310
375447329841
375333033688
375445495509
375297709061
375297310171
375255319068
375296311376
375293560079
375291046872
375297826842
375445933197
375297749846
375293229116
375296820410
375296947369
375296389505
375296179809
375336881686
375445001501
375447196022
375296903112
375297429173
375297033644
375295839308
375447509793
375293415366
375447395767
375298438159
375295943126
375293994588
375298665842
375296377948
375296302152
375291350353
375292160391
375445077761
375291561469
375447340865
fish