91645
91646
91647
91648
91649
91650
91651
91652
91653
91654
91655
91656
91657
91658
91659
91660
91661
91662
91663
91664
94950
94988
94989
94990
94991
94992
94993
94994
94995
94996
94997
94998
94999
95000
95001
95002
95003
95004
95005
95006
95007
95008
95009
95010
95011
95012
95013
95014
95015
95016
95017
95018
95019
95020
95021
95022
95023
95024
95025
105383
203067
9164569520
9164669520
9164769520
9164869520
9164969520
9165069520
9165169520
9165269520
9165369520
9165469520
9165569520
9165669520
9165769520
9165869520
9165969520
9166069520
9166169520
9166269520
9166369520
9166469520
91645
91646
91647
91648
91649
91650
91651
91652
91653
91654
91655
91656
91657
91658
91659
91660
91661
91662
91663
91664
91645
91646
91647
91648
91649
91650
91651
91652
91653
91654
91655
91656
91657
91658
91659
91660
91661
91662
91663
91664
91645
91646
91647
91648
91649
91650
91651
91652
91653
91654
91655
91656
91657
91658
91659
91660
91661
91662
91663
91664
91645
91646
91647
91648
91649
91650
91651
91652
91653
91654
91655
91656
91657
91658
91659
91660
91661
91662
91663
91664
94950
94988
94989
94990
94991
94992
94993
94994
94995
94996
94997
94998
94999
95000
95001
95002
95003
95004
95005
95006
95007
95008
95009
95010
95011
95012
95013
95014
95015
95016
95017
95018
95019
95020
95021
95022
95023
95024
95025
105383
203067
91645
91646
91647
91648
91649
91650
91651
91652
91653
91654
91655
91656
91657
91658
91659
91660
91661
91662
91663
91664
94950
94988
94989
94990
94991
94992
94993
94994
94995
94996
94997
94998
94999
95000
95001
95002
95003
95004
95005
95006
95007
95008
95009
95010
95011
95012
95013
95014
95015
95016
95017
95018
95019
95020
95021
95022
95023
95024
95025
105383
203067
